%YAML:1.0
---
K: !!opencv-matrix
   rows: 3
   cols: 3
   dt: d
   data: [ 1995.6953063020635, 0., 2340.0161880219889, 0.,
       1990.1273106607343, 1289.1101379100382, 0., 0., 1. ]
D: !!opencv-matrix
   rows: 1
   cols: 5
   dt: d
   data: [ -0.05739699251793573, 0.12642788685960774,
       -0.0028653447663645505, 0.003840271615316818,
       -0.080828176916744501 ]
